$ANSIBLE_VAULT;1.1;AES256
31306630326439653865626338666530643537336437393033326138383934306162393961646539
6237653365383966666538383035333137393063336636620a393432313439353861376233336662
31353130633035316334363636316364613139616134656665383033386332373435623133656637
3338356561303161620a663038373231366230353365623331376466653538643932383933396434
38656466656633613232626434633738333636373365323333323032346339376437623361353561
61633665396136306532613864363235343430386266643434326135376331333739363262626134
35313335373438326166303633393965376130326462363736313566373564383662643738393462
33653666373664313166356231653461646332353130373432646166343663613331653131336534
34306663663637363262643031636439306561313237373333613066653435303936633863616233
63653164366335313530333166656230663132653437396234383161303135373938373737333232
34343534343930323333326662656535373531383233313937653430343233373938623961303964
66376364346635656566633934643231643530393530366661306432616132323463373536623964
38353830633536323538333831346438353537306430303935336162636437333530646565653063
63623361393566333531643430613363643464353330646261376231353236306366373434373230
36616531343738336238653236373333353761363333396434616235393631653432356139336361
32326364393836323333313166613266326363616566346563656531323937383431666265626431
30346331376562366638333365633864356639613333616431306163613961623663396236333462
38353833373030623239356437633638343833653630313230313633323766346537396464363566
37336363393763303538353433666461373063386262336161353733363636383365653866613438
39626264326431353065356539346166656338353263346137346266373063313661356631633235
33373534353032663239353633323663326431626234663362316130386262306363646635353264
64636563313162323434363562623531303334373932616331393333663639613733643766306633
34363331343861626634363765633166383761353031666330326633373530663735633732383664
66393263373337333638
